2140
505
3057
536
249
4978
1176
1139
803
484
1863
1365
1597
2785
4530
2018
4846
4064
287
2045
1518
455
3241
2106
3068
2532
3428
3061
4276
3718
1164
772
209
1046
4221
897
1418
3515
366
234
1995
251
3244
2757
2557
361
3744
1376
4984
133
1330
2495
3336
4906
2542
4387
2300
3220
3188
3794
3381
652
851
3013
2619
3184
1796
1894
312
1229
434
3995
4923
596
1936
3716
855
3572
393
1484
4030
2054
705
4026
986
2815
4002
1063
4259
4144
4118
3122
2866
614
548
3534
186
4121
4972
2902
381
256
1569
3436
3146
1032
3664
4589
988
2401
385
2098
1482
1322
2441
1615
3917
3407
2468
4489
3163
2291
1444
2814
2122
3345
1272
677
4631
2732
1132
973
371
1764
4447
3088
3221
1438
4513
647
3598
827
3152
2241
3012
66
2731
2565
1973
3652
135
2220
4293
3766
1933
387
2277
2003
1016
1072
1913
3703
4220
99
2469
913
4727
3487
3813
686
2934
4986
2338
4359
4263
3880
4265
4654
1754
4726
4104
3975
1655
2537
3655
4409
1091
787
4743
719
308
3844
1884
700
812
3931
669
659
3555
4933
46
3885
830
556
2716
724
4043
2207
3164
252
2389
3567
4718
600
2524
57
1758
2089
3176
2624
3418
3527
2569
2574
1818
530
336
542
418
1151
322
3593
4620
4713
4692
1163
4207
2939
3650
258
3499
4776
1862
2438
4967
4970
379
3016
1200
3686
4357
1901
964
3736
3054
4231
1371
243
4553
781
3050
3761
4135
3513
4029
2023
4889
4342
87
2257
1809
3085
4315
4940
1816
3159
56
1949
2692
676
2194
789
4279
4367
4454
4347
2056
3438
126
483
2843
797
75
2034
1979
3055
1045
2204
1372
3077
3964
2738
993
1877
1812
4414
4863
4146
4395
721
3284
4253
4974
1571
3543
1545
3072
4042
2281
1131
4898
3937
3231
2498
1196
1248
4507
1548
1285
4567
2816
801
3065
245
3724
4842
2421
1048
2835
1276
2794
2147
367
115
327
3249
3903
225
3915
76
3081
2722
1958
4604
1865
3352
1184
1537
309
4013
4487
4319
147
4034
3222
1279
4792
2900
4434
1593
4257
1425
4335
4399
4156
3251
710
4858
1582
3996
184
292
2780
1282
4926
2486
4502
4818
176
3354
4317
4554
2910
1075
3590
2466
1744
2371
25
4404
2590
1736
4073
4340
621
192
178
975
2493
2658
3625
4457
2706
507
3205
2529
4374
30
1400
3679
4948
58
4283
2750
2171
2107
3637
1012
1013
2907
1260
1207
3514
4423
236
12
4248
2905
2671
2406
1244
2994
978
2903
3165
3701
4147
2895
428
1450
4592
1299
540
382
3682
1704
3192
4145
3671
4309
2541
119
4439
440
293
4877
88
4179
1304
3893
4471
4236
3729
1743
1649
3546
1760
871
1572
4370
532
553
831
2405
3394
4585
1897
4786
386
196
2549
3277
4648
808
1108
279
2833
18
3768
239
1712
4161
1883
3083
2629
1232
1721
1531
4240
3019
3211
3317
2781
3479
4822
3970
974
3349
2649
3622
3680
3886
1994
3595
1024
1570
4556
217
2362
2662
1167
4287
4509
102
2837
1948
2202
188
965
1899
2394
3575
3233
934
3367
2340
800
2702
2358
3340
3240
3920
3947
1194
1749
2316
3469
937
2944
4477
330
351
2261
1512
1791
2369
815
244
3594
4715
747
1690
2965
1385
4226
567
2705
142
2322
4461
1212
998
2083
2598
1432
2282
2704
2013
2164
1228
3780
1188
939
4032
85
766
4757
3734
1410
560
3836
3866
3234
1860
1314
3191
593
2476
1069
59
3767
2797
4878
445
4676
248
4191
426
2009
601
1682
4701
2444
2121
4708
1097
2383
2284
3603
1962
1152
2774
2518
3456
1114
2943
1900
230
3831
3330
4096
193
750
1604
113
3117
3022
1927
2790
4958
2087
1056
4440
660
4153
631
2182
255
3156
852
4419
1782
3951
4214
4452
1977
3009
4475
1025
3858
1722
1543
3015
4139
743
604
2652
696
734
4102
4501
618
107
3201
3139
2859
4072
4720
1233
4197
3969
4899
2129
1709
2886
1755
485
2755
2452
4651
2654
2155
4331
3583
2618
4797
2876
3953
1938
1947
1177
2635
2244
1138
2221
4640
4495
2222
132
967
2961
4345
2116
2723
4088
3859
1517
4915
2177
84
4443
3174
1047
4381
683
685
4920
1612
1903
4120
4371
2267
4802
2825
784
2957
2123
4420
331
4586
2233
467
2600
3099
4751
667
3588
1573
1446
2279
3879
4050
2556
4289
630
2984
738
2857
3832
1246
1888
2095
3288
1724
3698
104
4669
4941
3544
270
961
3551
4425
289
726
319
1984
3331
1079
4306
1049
2928
1439
2298
3003
2396
3432
861
4297
2126
527
4539
3361
824
3052
490
940
1060
2566
2014
1375
4168
1497
1199
584
535
3865
2901
1730
2167
4143
1386
2084
3170
3777
1589
1555
3517
2485
4635
1309
1774
3492
1785
620
108
2360
653
3412
3537
2022
3353
985
1896
93
1991
1700
2642
3898
3322
2604
2726
2042
3576
1930
3712
1300
2560
4904
2798
1306
2855
693
2334
2302
1584
4688
1610
3243
1577
4472
3871
1316
237
4929
3343
3444
524
3554
1342
3481
4873
641
4542
3581
2912
23
41
3272
2203
3301
3998
4831
1476
3626
278
3270
101
452
4617
4110
3458
3530
489
2488
1878
3602
3833
2402
212
2813
4350
879
4876
4760
4798
3001
555
4545
2294
528
4438
1218
1093
3870
2791
3038
369
3112
2617
2567
4611
3440
1547
2982
1369
432
2363
3149
4243
2372
4737
962
4079
3873
271
4993
311
275
1407
4568
3941
1417
3327
273
2103
103
1559
3114
1170
883
3954
4826
3312
2803
4714
3198
1756
4749
2995
3672
3704
681
1742
4882
1868
1374
1790
1474
3825
4880
1331
1698
4018
2235
1866
405
3320
4734
1830
4510
3573
2
1873
4754
98
1289
313
1872
4519
